29103
29101
29099
29098
29097
29095
29093
29092
29091
29090
29089
29088
29087
29086
29085
29084
29082
29081
29080
29079
29078
29077
29076
29075
29074
29073
29072
29071
29070
29069
29068
29067
29066
29065
29064
29063
29061
29060
29059
29058
29057
29056
29055
29054
29053
29052
29051
29050
29049
29048
29047
29046
29045
29044
29043
29042
29041
29040
29039
29037
29036
29035
29034
29033
29032
29031
29030
29028
29027
29026
29025
29024
29023
29022
29021
29020
29019
29017
29016
29015
29014
29013
29012
29011
29008
29006
29005
29004
29003
29001
29000
28998
28997
28996
28994
28993
28991
28990
28989
28988
28987
28986
28985
28984
28983
28982
28981
28980
28979
28978
28977
28976
28975
28974
28973
28972
28971
28970
28969
28967
28966
28965
28964
28963
28962
28961
28960
28957
28956
28955
28954
28953
28952
28951
28950
28949
28948
28947
28946
28945
28944
28943
28942
28941
28940
28939
28938
28937
28936
28935
28934
28933
28932
28931
28930
28929
28926
28925
28924
28923
28922
28921
28920
28919
28918
28917
28916
28915
28914
28912
28911
28910
28909
28908
28905
28904
28902
28901
28900
28899
28898
28895
28894
28893
28892
28891
28889
28888
28887
28886
28885
28884
28883
28881
28880
28878
28876
28875
28874
28873
28871
28870
28869
28868
28867
28866
28865
28864
28863
28862
28861
28860
28859
28858
28857
28856
28855
28854
28852
28851
28850
28849
28848
28847
28846
28845
28844
28842
28841
28840
28839
28838
28837
28836
28834
28833
28832
28830
28829
28828
28827
28826
28825
28824
28823
28822
28821
28819
28818
28817
28816
28815
28814
28813
28812
28811
28810
28809
28808
28807
28806
28805
28804
28803
28802
28801
28800
28799
28798
28797
28796
28795
28794
28793
28792
28790
28789
28788
28787
28786
28784
28783
28782
28781
28780
28779
28778
28777
28776
28775
28774
28773
28772
28771
28770
28769
28768
28767
28766
28765
28764
28763
28762
28761
28758
28757
28756
28755
28754
28753
28752
28751
28750
28749
28747
28746
28745
28744
28743
28742
28741
28740
28739
28738
28737
28736
28735
28734
28733
28732
28731
28730
28729
28728
28727
28726
28725
28724
28723
28722
28720
28719
28718
28717
28716
28715
28714
28713
28710
28705
28704
28703
28701
28700
28697
28696
28695
28694
28693
28691
28690
28689
28688
28686
28685
28684
28683
28682
28681
28680
28679
28678
28677
28676
28674
28673
28672
28671
28670
28669
28668
28667
28666
28665
28663
28662
28660
28659
28657
28656
28655
28654
28653
28652
28651
28650
28649
28648
28647
28646
28645
28644
28643
28642
28641
28640
28639
28638
28637
28636
28635
28634
28633
28632
28631
28630
28629
28628
28627
28626
28625
28624
28623
28622
28621
28620
28619
28618
28617
28616
28615
28614
28613
28612
28611
28610
28609
28608
28607
28606
28605
28604
28603
28602
28601
28600
28599
28598
28597
28596
28595
28594
28593
28592
28591
28590
28589
28588
28587
28586
28585
28583
28582
28581
28580
28579
28578
28577
28576
28575
28574
28573
28572
28571
28570
28569
28568
28567
28566
28565
28564
28563
28562
28561
28559
28558
28557
28556
28555
28554
28553
28552
28550
28549
28548
28547
28546
28545
28544
28543
28542
28541
28540
28539
28538
28537
28536
28535
28534
28533
28532
28531
28530
28529
28528
28527
28526
28525
28524
28523
28522
28521
28520
28519
28518
28517
28516
28515
28514
28513
28512
28511
28509
28508
28506
28505
28504
28503
28502
28501
28500
28499
28498
28497
28494
28493
28492
28491
28490
28489
28488
28487
28486
28485
28484
28483
28479
28478
28476
28474
28473
28472
28471
28470
28469
28468
28467
28466
28465
28464
28463
28462
28460
28457
28456
28455
28454
28453
28452
28451
28449
28448
28446
28445
28444
28443
28442
28441
28440
28439
28438
28437
28435
28432
28431
28429
28428
28427
28426
28425
28423
28422
28421
28420
28419
28418
28417
28416
28415
28414
28413
28412
28411
28410
28409
28407
28406
28405
28404
28403
28402
28401
28400
28399
28398
28397
28396
28395
28394
28393
28392
28391
28390
28389
28388
28387
28386
28383
28382
28381
28380
28379
28377
28376
28375
28374
28373
28372
28370
28369
28368
28367
28366
28365
28364
28362
28361
28360
28359
28358
28357
28356
28355
28354
28353
28352
28351
28350
28349
28348
28345
28344
28343
28342
28341
28340
28339
28338
28337
28336
28335
28334
28333
28332
28331
28330
28329
28328
28325
28324
28323
28322
28321
28320
28319
28318
28317
28316
28315
28314
28313
28312
28311
28310
28309
28308
28307
28306
28305
28304
28303
28302
28301
28300
28299
28298
28297
28296
28295
28294
28293
28292
28291
28288
28287
28286
28285
28284
28283
28282
28281
28280
28278
28276
28275
28274
28273
28272
28271
28270
28269
28268
28267
28266
28265
28264
28262
28259
28258
28257
28256
28255
28254
28253
28252
28251
28250
28249
28248
28247
28246
28245
28244
28243
28242
28241
28240
28239
28238
28237
28236
28234
28233
28232
28229
28228
28227
28226
28225
28224
28223
28220
28219
28218
28217
28216
28215
28214
28213
28212
28211
28210
28209
28208
28207
28206
28205
28204
28203
28202
28201
28200
28199
28198
28196
28195
28194
28193
28192
28191
28190
28189
28187
28186
28185
28184
28183
28182
28179
28178
28177
28176
28175
28174
28173
28172
28171
28170
28169
28168
28167
28166
28165
28164
28163
28161
28160
28159
28158
28157
28156
28155
28154
28153
28152
28151
28150
28149
28148
28146
28145
28144
28143
28139
28138
28137
28136
28134
28131
28130
28124
28123
28121
28114
28113
28112
28111
28110
28109
28108
28107
28106
28105
28104
28103
28102
28101
28100
28099
28098
28097
28096
28095
28094
28093
28092
28091
28090
28089
28088
28087
28086
28085
28084
28083
28082
28081
28080
28079
28078
28077
28076
28075
28074
28073
28072
28071
28070
28069
28068
28067
28066
28065
28064
28063
28062
28061
28060
28059
28058
28057
28056
28055
28054
28053
28052
28051
28050
28049
28048
28047
28046
28045
28044
28043
28042
28041
28040
28039
28038
28037
28036
28027
28026
28020
28019
